=====================
Example-based measures
=====================
micro_recall
0.867566168382

macro_precision
0.919261203258

macro_recall
0.867519801614

micro_f1
0.892249841935

micro_precision
0.918379230032

macro_f1
0.892170780646

=====================
Label-based measures
=====================
f1
[ 0.8877551   0.8978588   0.90006002  0.88701518  0.89438849  0.88349815
  0.88466296  0.89748148  0.89681685]

recall
[ 0.8836332   0.89968107  0.89123328  0.8478898   0.88774636  0.84088235
  0.82975638  0.866171    0.86068477]

accuracy_score
0.5185

hamming_loss
0.0719555555556

precision
[ 0.89191564  0.89604389  0.90906335  0.92992607  0.90113076  0.93066406
  0.94735099  0.93114049  0.93611557]

=====================
Correlation matrices
=====================
0
[[61850  3690]
 [ 4010 30450]]

1
[[61910  3600]
 [ 3460 31030]]

2
[[63350  3000]
 [ 3660 29990]]

3
[[63700  2180]
 [ 5190 28930]]

4
[[61580  3410]
 [ 3930 31080]]

5
[[63870  2130]
 [ 5410 28590]]

6
[[63930  1590]
 [ 5870 28610]]

7
[[62790  2240]
 [ 4680 30290]]

8
[[64130  1990]
 [ 4720 29160]]

=====================
Accuracies
=====================
(0, 5, 6, 3, 4, 1, 7, 8, 2)
(0.92300000000000004, 0.92459999999999998, 0.9254, 0.92630000000000001, 0.92659999999999998, 0.9294, 0.93079999999999996, 0.93289999999999995, 0.93340000000000001)
