=====================
Example-based measures
=====================
micro_recall
1.0

macro_precision
1.0

macro_recall
1.0

micro_f1
1.0

micro_precision
1.0

macro_f1
1.0

=====================
Label-based measures
=====================
f1
[ 1.  1.  1.  1.  1.  1.  1.  1.  1.]

recall
[ 1.  1.  1.  1.  1.  1.  1.  1.  1.]

accuracy_score
1.0

hamming_loss
0.0

precision
[ 1.  1.  1.  1.  1.  1.  1.  1.  1.]

=====================
Correlation matrices
=====================
0
[[65710     0]
 [    0 34290]]

1
[[65560     0]
 [    0 34440]]

2
[[65550     0]
 [    0 34450]]

3
[[65110     0]
 [    0 34890]]

4
[[65860     0]
 [    0 34140]]

5
[[64980     0]
 [    0 35020]]

6
[[65620     0]
 [    0 34380]]

7
[[65250     0]
 [    0 34750]]

8
[[64750     0]
 [    0 35250]]

=====================
Accuracies
=====================
(0, 1, 2, 3, 4, 5, 6, 7, 8)
(1.0, 1.0, 1.0, 1.0, 1.0, 1.0, 1.0, 1.0, 1.0)

