=====================
Example-based measures
=====================
micro_recall
0.653505523172

macro_precision
0.739156104486

macro_recall
0.653465269777

micro_f1
0.692547908739

micro_precision
0.736551724138

macro_f1
0.69196992088

=====================
Label-based measures
=====================
f1
[ 0.69756244  0.72101551  0.67154472  0.68129404  0.69793395  0.68560666
  0.69736653  0.68838254  0.6870229 ]

recall
[ 0.65945946  0.73070326  0.59510086  0.62247586  0.68098882  0.64500886
  0.70497527  0.62427241  0.61820263]

accuracy_score
0.1607

hamming_loss
0.200188888889

precision
[ 0.74033855  0.71158129  0.77052239  0.75238769  0.71574389  0.73165829
  0.68992027  0.76716738  0.77308518]

=====================
Correlation matrices
=====================
0
[[56720  8130]
 [11970 23180]]

1
[[54660 10360]
 [ 9420 25560]]

2
[[59150  6150]
 [14050 20650]]

3
[[58830  7000]
 [12900 21270]]

4
[[56830  9190]
 [10840 23140]]

5
[[58130  8010]
 [12020 21840]]

6
[[54740 10890]
 [10140 24230]]

7
[[59130  6510]
 [12910 21450]]

8
[[58720  6340]
 [13340 21600]]

=====================
Accuracies
=====================
(6, 2, 0, 4, 5, 3, 1, 8, 7)
(0.78969999999999996, 0.79800000000000004, 0.79900000000000004, 0.79969999999999997, 0.79969999999999997, 0.80100000000000005, 0.80220000000000002, 0.80320000000000003, 0.80579999999999996)
